186
0
2.9257623221812623 3.8545360853939843 1.7749916200366522
2.6558299627242463 2.9815979292660546 1.368648130151322
-0.11961596723260792 -0.38833888873077643 0.91371970509487
30
2.9365054411698353 3.8279316772828604 1.8768534368540788
2.6134860260296833 3.0895650138268973 1.2848449653651262
-0.2366771073139962 -0.5426401953474583 0.8059322699849716
60
2.917191816836139 4.079136688421371 1.8589478737322773
2.481996013193866 3.3318987080556175 1.356712997576424
-0.2566981623685547 -0.43169623391577233 0.8647224747757889
90
3.1147802799146174 4.15160522538801 1.8111162287486793
2.714195910016775 3.3115979798473907 1.4451659721626045
-0.18171907728296832 -0.31862713105041035 0.9302983524480872
120
3.051991922083756 4.1413516490096 1.6790241136123738
2.7155001286896674 3.204204270088091 1.5866801052262387
-0.026181999575986437 -0.08871400686836414 0.995712971628862
150
3.112403178607524 3.9905637147655417 1.6855104528406837
2.875045994316638 3.0242140534152915 1.58636097982919
-0.02947900386943969 -0.09485400792125676 0.9950551302994208
180
3.1292681471815946 3.874139768965999 1.8141640244911834
2.9744041041842344 2.970685107596675 1.4144310473393127
-0.0507569913799798 -0.3968039569555838 0.9164988589810821
210
2.8240227216565774 3.8602786131160625 1.83942174264066
2.8106139993006156 2.9740349121349223 1.376396977387593
-0.02820300327751074 -0.4625470825946798 0.8861461316718906
240
3.570611249766971 3.711593640509693 1.7770816350920406
3.3966410868984713 2.8203570372496527 1.3582349384768215
-0.09345296525775282 -0.4084708632218902 0.9079747204127546
270
4.324377013573861 3.4056476074845996 1.7802663802029366
3.9213867915966274 2.5781258660943713 1.3893618642212624
-0.16709090459656092 -0.3534178075308168 0.9204214982178165
300
4.2394151494840235 3.4529583524390723 1.818079153325558
3.9099579856732936 2.601390130393174 1.4102931118273738
-0.1657109304280553 -0.3730428208662129 0.9128955554623843
330
3.2467971284333355 3.828964395741465 1.8413733037395057
3.27473000515436 2.9266301228799843 1.4112430008334693
-0.007792996598806168 -0.43048188639434193 0.9025657492706427
360
2.2068105975252434 3.734658855248007 1.8350743338516113
2.533024165974264 2.905333060074362 1.3814179882457611
0.13191013771497717 -0.43527745921844907 0.8905809554731343
390
1.5176534936957529 3.139337625466185 1.8427963687913826
2.115022032075422 2.446171965561705 1.4394708408849648
0.27088603580842974 -0.2989590290430354 0.9150100908440173
420
1.2326040032352517 2.9418292782388535 1.8065919900152714
1.9576259019817421 2.30407912946566 1.5465559983465702
0.1976239826880387 -0.1690429928477158 0.9655929065539581
450
1.4713353477376856 3.326902777999711 1.727397122193726
2.065268930043594 2.5284769247473 1.6286040253533445
0.07748104290948543 -0.06546003036717396 0.9948425256337821
480
1.541748677233144 3.2898604659026276 1.7986549783247006
2.198111151197835 2.6061940578406464 1.4796119380491268
0.21700492951618264 -0.2339319243719448 0.9477257068670148
510
1.7114713392291963 3.103310940539336 1.8484067328035705
2.3772850236926972 2.531311033045745 1.3693369634210937
0.38941608789743976 -0.2812840477991516 0.8770601621022749
540
2.189401890428967 3.6502109628000907 1.8202948431698784
2.6682739810070464 2.924775944260662 1.325899974557589
0.2984370896273223 -0.39510311287853983 0.8688092338772826
570
3.1788745601843242 4.089508042337869 1.8215703479711303
3.355050899572218 3.2177920794510584 1.3643239550058135
0.03541502241463812 -0.4585983255590105 0.8879387048157632
600
2.9202367457958394 4.245216949894157 1.7616497374908255
3.2571951839538746 3.3638998708269265 1.43038092030447
0.11400711450916798 -0.3110632885566372 0.9435269240686317
630
2.315063949566758 3.957464684052714 1.7412465361720502
2.925804015141404 3.1876389871075235 1.5558709798222958
0.16755595937662981 -0.10316397225912866 0.980449731561194
660
1.9088697581212255 3.5169673189378 1.755222657947343
2.7074399738232824 2.9440738782143807 1.5706188923404627
0.1746999824839015 -0.07288598703693716 0.9819198757594165
690
1.9171046835111443 3.6176312048807397 1.8202764775406362
2.6427139860318962 3.121211000241305 1.3437710191856862
0.3925318355588635 -0.2701438744318065 0.8791706820964116
720
2.109952458738195 3.9424866038526867 1.8446608875631654
2.8825960844744314 3.5151458877291057 1.3751899991869294
0.42135147309347926 -0.20794724110642926 0.8827359972073019
750
1.9460297446811428 4.266022675719027 1.8990847124408463
2.6168630343044033 3.733980947222475 1.3824479832004288
0.4301841810842466 -0.28829513106562943 0.855469393048633
780
1.4202410139240973 4.156003722697934 1.9628691756222867
2.150489107529139 3.7702948839966854 1.3989839040730618
0.471164340668923 -0.3133502303579627 0.8245095916921983
810
1.2781196918205904 4.339305832186264 1.9050996408258423
2.1037818278984712 4.006975039043946 1.4492069289480194
0.41704502192927195 -0.1846730097132938 0.8899260744170352
840
1.790221831804791 4.3475049608177825 1.82921746157543
2.6242771959367186 3.906764047665088 1.497404990424078
0.3064378853366015 -0.13001495748524128 0.9429695997805663
870
2.5086767238380268 4.284294105317327 1.7077525349445386
3.2734841269256427 3.655179954316351 1.5688829364366574
0.11139599753735574 -0.08317199632353944 0.990289918907159
900
3.2833363553146007 4.450617434175715 1.6981897402001205
3.8943571587661387 3.675531031282649 1.5372710275841537
0.09650403249672124 -0.1288300461377032 0.9869603474700028
930
3.941909680376871 4.808784630623932 1.7488664169771746
4.411704907427652 3.985174861279602 1.4311239202482775
0.1879630961866925 -0.2583561357514981 0.9475874518669514
960
4.9569472976885836 5.105200222037807 1.6923462946562775
5.0535486870370905 4.177820375464931 1.3309120137839325
0.05041803404058931 -0.3581072270685525 0.9323185299930881
990
5.162249192382256 5.044372461326461 1.879841048669363
5.201480150009552 4.241672001369338 1.2847500037665616
-0.008623003098989113 -0.5957992638954018 0.8030872899117758
1020
4.356594146545051 4.987676400405219 1.8848262670953888
4.78370979552996 4.2766580169022586 1.326234066816153
0.2689890462459972 -0.4898910811019397 0.829247159919623
1050
3.42990795500989 4.5906432257536265 1.7993842908924214
4.205663122017336 4.056441722953639 1.463479126412212
0.2466017761681658 -0.23334179696454793 0.9406051888160079
1080
3.0069633447626174 4.17912192055652 1.6886514215054944
3.909146102617079 3.7579660207934125 1.5954158617439702
0.08276693394989268 -0.04311396274525453 0.9956351497201057
1110
2.944584815699981 4.0253372582633995 1.7321440931979102
3.8879579593729243 3.8077506813247703 1.4817379173460883
0.24050226138977765 -0.07131107171741263 0.9680260702674666
1140
3.2939456608474256 3.9936494067560817 1.801147836381661
4.1975422408759595 3.884472979630151 1.3869081913773886
0.4060820651682856 -0.08964601104684289 0.909429121602515
1170
3.519744207341054 4.091950761621434 1.717359876797025
4.473152090985158 4.007122906392056 1.4278490306590246
0.2856206647122955 -0.05514293938723558 0.9567539677446217
1200
3.756679084541047 4.5324692121078245 1.6195970601585885
4.733884599448884 4.364758043580221 1.4894320643690606
0.1208600808409378 -0.06458703847304603 0.9905666607365768
1230
3.992218644311148 4.637176789378697 1.5469405895067556
4.975879282643515 4.46185489747482 1.5878628773583277
-0.051100974051272785 -0.05393997213367713 0.9972355147634866
1260
3.978879486451369 4.664266289306291 1.697614753355818
4.921923433671218 4.4043086479431475 1.4900359005831052
0.20009784539661848 -0.05522495654608329 0.9782172349870937
1290
3.6561281127871847 4.702017914912382 1.6622205049596679
4.59932280015367 4.3918562051269205 1.5431259319983375
0.09466795793049654 -0.09270696456647598 0.9911825760621795
1320
3.603784607242642 4.377328426813549 1.7460061703501166
4.5362220271339995 4.236733169531292 1.413148978787464
0.32822191321832117 -0.05565298330768109 0.9429597658570827
1350
3.7130231134675977 4.252997851739696 1.7105820858695688
4.658408271529579 4.3613690573676145 1.4031690144756022
0.30556805205217535 0.03365400414121495 0.951575106629539
1380
3.8884577610532753 3.8721930552133887 1.6933781273014967
4.784127161745261 4.217688934863505 1.4133609003670637
0.2543909093563288 0.1184289447363005 0.9598226105756993
1410
4.138611152475475 3.6760290218406633 1.6970359543199824
4.96001823217213 4.155938143830867 1.3888499894972133
0.2621612825754527 0.16218817540568864 0.9512980857339457
1440
4.524521953796569 3.348075361581298 1.7047311794755784
5.214554674362365 4.014342875810119 1.421991093158516
0.20430593613066653 0.1954549388099816 0.9591956368596897
1470
4.598447755596117 3.324886274445606 1.5987513886216222
5.3033947503776115 4.031321835625721 1.5355140046599447
0.05237003233077808 0.03707202060600512 0.9979396147588773
1500
4.616595581666737 3.479498628680508 1.6204878574841215
5.33428193678072 4.172162119452755 1.5487750208609297
0.07048197021053715 0.030198988722187514 0.9970555986155389
1530
4.550684943361804 3.6180652450091637 1.7236968261407728
5.267920806570575 4.227468139982919 1.3857610506223554
0.22898988818220456 0.25190389779510824 0.940269565128176
1560
4.15569357233419 4.285482769454884 1.701175679552728
5.007552307418724 4.689159070695805 1.3674369352938474
0.3116739653390182 0.1214169912288765 0.9423998777785956
1590
3.952103395634068 4.899065395657994 1.7340802677998497
4.884523887806309 5.061460843150593 1.4112489947209312
0.31581984539745844 0.06800496967306446 0.9463785532647284
1620
3.8801728354991214 4.934548438375863 1.5868316678576155
4.8681360351146 5.071138114517602 1.5142289487890883
0.06594196530313179 0.05267897661043275 0.996431542959562
1650
3.9330450930184213 4.644024734969452 1.6750492668069348
4.847322110134968 4.975586985822037 1.4423180586017117
0.22332407514955324 0.06677602259259902 0.9724543578713352
1680
4.314222583576731 4.051963794325825 1.6966045746372727
4.9835718963590185 4.7065939188947645 1.3452770659492996
0.2600801652434043 0.2365001380015953 0.9361766059902941
1710
4.724520997184263 3.615924699063531 1.6648500213031003
5.240995661395536 4.447957081551782 1.4624230214957425
0.16159401854958988 0.13744701501324874 0.9772391233609099
1740
4.673153473776219 3.672234597410254 1.6068878922431473
5.237249030512212 4.496715309824042 1.5618629459111695
0.04840303002502078 0.021417013853962996 0.9985986141605103
1770
4.8012400208502015 3.615233026953004 1.6894250180981785
5.290095889428159 4.447735809297822 1.4287358489297062
0.1627540358534938 0.20654705754728464 0.9648051986863884
1800
5.123510462404908 3.3850695483185236 1.7457220609552602
5.338044119240464 4.277424096295971 1.3486349041826466
0.12261806145651055 0.37873020120641726 0.9173485276682092
1830
5.048888550109645 3.316023411623659 1.7567369073945174
5.212017909593364 4.201681139342012 1.321995916994203
0.03917001250788643 0.43448219084820094 0.8998283979890558
1860
5.574408237095487 3.224352352167582 1.7451703837075465
5.448030073400152 4.139381877924418 1.3620910039105647
-0.0601810085435468 0.37839207917124523 0.9236871227336738
1890
6.232130995042305 3.5721363039151885 1.775763108375563
5.710609545953255 4.3162111253873565 1.3581888517170089
-0.2667559878697343 0.32267900502151803 0.9081409745794957
1920
6.699623612163657 3.7876133358016313 1.7533403578543996
5.88997307181179 4.266668710662395 1.4142661038184499
-0.2999928980499379 0.15876295641941918 0.9406366181242038
1950
6.523993016996649 3.5915697161421 1.721380559021057
5.722137870111731 4.1029420439466655 1.4123079751072538
-0.2581769266662828 0.16996693034967553 0.9510286501470304
1980
6.486600921726145 3.6084955616945242 1.7740359740268052
5.665114865875163 4.016072033261678 1.375236852646953
-0.36196177769727217 0.1676898976392226 0.9169854955078369
2010
6.245773665245382 3.710708394779248 1.7466077670759046
5.370323411758749 4.031001761688275 1.384670095176109
-0.3302929772101503 0.1502229875260801 0.9318468987077893
2040
5.74735875633822 3.564472773023559 1.8482626392521753
4.906674700056176 3.7564181768378746 1.3418959095158471
-0.4815509236257385 0.16274497462080895 0.8611749312192365
2070
5.506316843107267 3.7436257732590623 1.831775429020652
4.6203777814655735 3.7621862070193477 1.3683459780318825
-0.46088991702896137 0.07654599034192877 0.8841499100281438
2100
5.143325906693772 3.786554836057317 1.771410134330915
4.212097984254197 3.7634889244513627 1.407704022422956
-0.3640491238446287 0.012849004496950922 0.9312912930854101
2130
4.768989670913224 4.186755714480052 1.792183026976406
3.926685143153672 3.830323008362422 1.3878569457004661
-0.3879332621074264 -0.11990408760572868 0.9138556691556197
2160
4.221522597741519 4.241360458898189 1.805333995435215
3.5114301127904994 3.7000503273483534 1.3550549384093056
-0.3712261304444996 -0.2555800975681043 0.8926752763876991
2190
3.528203932589654 4.362291325358304 1.850748483988611
3.092369107550744 3.6250981581486785 1.334421043249933
-0.2776916895703639 -0.4355485315596704 0.8562611155435249
2220
2.8251908387769675 4.323060806560558 1.8688773902135845
2.8359697678838587 3.4403250177383837 1.3991309197622295
-0.07335200979770073 -0.46920606839357837 0.8800371238402064
2250
2.9910767094007222 4.2637413969523354 1.7931985625533222
3.0061139666250436 3.323348843146031 1.4534410008696674
-0.02438599995188978 -0.34003998313026057 0.9400949547535435
2280
3.1919776109520575 4.205787821315463 1.7848398477361023
3.0066039917532583 3.281224949859317 1.4519418865964233
-0.05524602195095091 -0.3284281200747402 0.942912355858271
2310
3.527839893335503 3.9186134487340585 1.833052610147145
3.16058483147065 3.1102279573629037 1.3730128455044295
-0.15985699172548795 -0.43238497054264124 0.8874059540838717
2340
4.006432881242235 3.8483764371100495 1.8179330997447742
3.3049868844809134 3.284879847449405 1.381533937929131
-0.3970558179037944 -0.19952589481006244 0.8958435520529768
2370
4.286304553149621 3.1736722876428822 1.8746265219816665
3.424339135287682 3.0638658245205144 1.3796939598688582
-0.4958410843502865 -0.02080800202236177 0.8681641772316729
2400
4.170209605415347 2.92803091874438 1.881964182821946
3.3351291606025724 3.0492540108235424 1.345359003512101
-0.5272108029710088 0.10224996548151843 0.8435596715968607
2430
3.8633033383939557 2.4836682297491746 1.9137766165139576
3.162216817245274 2.934387824704619 1.361210922658672
-0.44925678431024707 0.32257885425899957 0.8331325879740348
2460
3.645527588605921 2.556684641264398 1.862615821005691
2.912523197412531 3.0834429544434143 1.4322330626267084
-0.3104178736055001 0.3039478577854515 0.9006976180440702
2490
3.51327415409329 2.8886460223786554 1.8026431279402446
2.73943199815991 3.4130178251855097 1.4473930077772807
-0.28875818084255245 0.2071231122696945 0.9347295163140288
2520
3.7796416429902076 3.3223754299940564 1.722111333730977
2.907588973465061 3.7615948749842145 1.506216992262166
-0.16660097110672378 0.14837296018099622 0.974796788973495
2550
3.730239342291522 3.2920590800827623 1.6670542044843342
2.887634943564105 3.8293650312012315 1.6307159832025673
0.00403100322203187 0.07376705929336813 0.997267825182476
2580
3.461118270716937 3.05191022394405 1.718889999258402
2.823112179599078 3.7963762903045235 1.522117960321787
-0.09068408731241906 0.18111817312868306 0.9792719281135476
2610
3.34175064758128 2.8983218804071718 1.7707313972585916
2.7590281625158197 3.6334352031420045 1.4242588657015085
-0.21653092719473405 0.2704809053326082 0.9380586552797929
2640
3.008917988567468 2.6208635591352896 1.7991460605464824
2.5931589019585815 3.434391977676244 1.3925550027690776
-0.1699050863789392 0.36971416822600656 0.9134794260909089
2670
2.21902740477267 2.5275708630872202 1.7754189203673318
2.1549539613598894 3.4152099088025523 1.3193581233912424
-0.01044599881748931 0.456378033516438 0.8897240805623707
2700
1.9665335324014637 2.2646229059266103 1.8479743542996436
1.9779130323211762 3.126447835640813 1.3408960047093421
0.032861000266717455 0.506515009538565 0.8616049267290895
2730
1.847324547043345 2.4859968833632955 1.7902479807521958
1.8437160643863446 3.41800389811473 1.427827004590239
0.005951997608229072 0.36243685543520093 0.9319885884280966
2760
2.2832127869965912 2.8053280557786113 1.7197582228689647
2.113902083122957 3.7769440259133464 1.5545458598642803
-0.016247996105678675 0.16485793903856066 0.9861826504226741
2790
2.4741666313524573 3.151026684318058 1.7130872747225763
2.394187047731432 4.143937129054539 1.625152035645962
-0.010001994490704741 0.08741394267835861 0.9961213840490889
2820
2.4227990990117707 3.2914153227693825 1.7308881811853345
2.3766798859075227 4.245911050785282 1.4362501137014325
-0.059536048930552754 0.2918012623087112 0.9546248264294377
2850
1.7692560448918857 3.2746295471757874 1.7296974462699815
1.9101580872808017 4.187851144847296 1.3473739129733964
0.006118990246445577 0.3853653720218233 0.9227424634477188
2880
1.1544612161691088 3.7328830233275587 1.7823188961134968
1.6090291254098315 4.521892296379774 1.3689999938593922
0.18669698684120672 0.36932397228476965 0.9103539562576977
2910
1.2101407206791563 4.094984251785682 1.7620926052095611
1.7789902246731444 4.831292230415748 1.395677104568692
0.20877196663101816 0.30165195687315427 0.9302788001184261
2940
0.982721348222563 4.74831377649031 1.7517883352996015
1.7773150996530744 5.241504214045623 1.3976910881758833
0.28647841690020737 0.209655305777116 0.9348673413011834
2970
0.9012817605091521 5.434213962637651 1.7555239788403494
1.7993319495274016 5.671699013792741 1.385244100462435
0.3524410774258433 0.11526001588497614 0.9287091388144013
3000
1.0078169088753288 6.17193799656196 1.7698927310947996
1.9022109489830559 6.039799997623399 1.3425780323986631
0.41635281085624537 -0.1031159497698595 0.9033366019259146
3030
1.2771983890574075 6.7959678192892135 1.820160042851631
1.966320171837101 6.249423029021269 1.3443439122135084
0.3760893862979575 -0.2915123008385945 0.8795328504968403
3060
1.0978548045085814 6.780402411550955 1.822173630763515
1.7274240965770629 6.192347873777822 1.314398800899013
0.39642734528474755 -0.3189442698705811 0.8608837670002032
3090
1.2017220572017815 6.878632560494649 1.8818723080317252
1.6844450548671868 6.246253207448232 1.2760059354464286
0.3867049963139103 -0.466799981753121 0.7953339008398572
3120
1.0431326218743133 6.6224891720511225 1.9060710264323075
1.694473881353836 6.202771055529287 1.2739390326617082
0.5056601776043803 -0.3810401282583671 0.7740262899569021
3150
0.8279960970395517 6.4722721077766145 1.8696282377551003
1.5958109716885995 6.270647237476322 1.2615100016901895
0.5815071154101439 -0.17907302575826023 0.7935880884641762
3180
0.7351677740296485 6.423783862632475 1.8853011750183784
1.4887419665536048 6.348846571189127 1.2322239898644172
0.6559511548254398 0.020648001762420876 0.7545211618298642
3210
0.7379705908061389 6.258696028296658 1.8824566005947
1.5541830661059741 6.037539162938305 1.3487080334903605
0.49792424279714453 -0.19930109568430043 0.8440093558531556
3240
1.3041851140438787 6.569038134383827 1.9207940923695173
1.663722030061411 5.8519292290684275 1.3237279283527936
0.18917008137154978 -0.5705522341419822 0.7991772846410363
3270
1.8636044402824807 6.593188542084576 1.8956072501662784
1.8877979339318443 5.774168211178662 1.3223537973884159
-0.048210006155088525 -0.5737101025395674 0.817638109769749
3300
2.22501095445777 6.48101297383402 1.8708874548754508
1.9757379523100953 5.6671882009992425 1.3459559048495109
-0.18923906766654097 -0.49065921408711755 0.8505543512150133
3330
2.5133175930154916 6.092803994283319 1.853126699299303
2.056675024904072 5.343222120866418 1.3739558702416095
-0.27796597310887805 -0.39142896103957014 0.8772219096899363
3360
2.4133397040931976 5.717761564347677 1.7702700598696317
2.0333057640163696 4.896369803044729 1.3449578388193693
-0.15609608600885694 -0.39626422651383064 0.9047705720842361
3390
2.2429906205910197 5.097544225329586 1.8112809071916391
2.0535070972221843 4.240503760451504 1.332138002910023
-0.12959401931404535 -0.46188507445211413 0.8774211755179113
3420
2.1282500904985544 4.619022697659988 1.8947196284557917
2.1877200138755915 3.8051700894561 1.3166999498631098
0.07033994414994127 -0.5741885554364539 0.8156953508566795
3450
1.766750986562172 4.2800205286891035 1.8879511592580627
2.092557038054863 3.480741971388536 1.3829719660474609
0.18197696852960293 -0.4711189014506474 0.8630938448704999
3480
1.5473570930317564 3.8128186772540356 1.793200375459238
2.1965850698307676 3.1517871926501537 1.4169830101943455
0.2836607319097606 -0.2485167655283016 0.9261611018297771
3510
1.3910438408775594 3.38988557732577 1.9315331802499192
2.1978359212799337 3.214576872949549 1.3673049435746567
0.5471200076446445 -0.13882300545868131 0.8254620030475692
3540
1.5884146501915049 3.7578668706486043 1.8817523193596923
2.45712397598191 3.5884928517410573 1.4162889790772522
0.4477334619673331 -0.13339583780238318 0.8841599056627159
3570
2.166889554720063 3.966173143853815 1.8234462661896287
3.072690016489167 3.8348352180620746 1.42061188055616
0.3897881646934521 -0.11441805011068551 0.9137693853201958
3600
2.727748798974558 4.219243290820389 1.7264406069170921
3.6567299839339698 3.9562201527741236 1.4660309835326164
0.24813620362285782 -0.07946606894987873 0.965460784546714
3630
3.186193937187377 4.547330728362439 1.6290305637870741
4.107179099445525 4.194400689195035 1.4640250587020827
0.1512770197736022 -0.06634400667185639 0.9862621455660951
3660
3.6246991344247057 4.782745002720093 1.752999472885452
4.457048017576714 4.351602940771317 1.4047019365123137
0.3016489546105744 -0.1748079622990691 0.9372568040074807
3690
3.721030290750482 4.616077649622601 1.764761612420727
4.580660815862634 4.304697978525799 1.3596969401890528
0.37341074330796475 -0.15821189758388476 0.9140743870496024
3720
4.303017971526757 4.866790417821323 1.745945846647154
5.085317192088739 4.387029234559452 1.3486598487795698
0.3544398557068995 -0.18163191562487158 0.9172685862827166
3750
4.885478710437043 4.837197953819214 1.7416992431527363
5.639787351393922 4.3224367443312985 1.3342200165635334
0.34324320085050464 -0.2198661162159959 0.9131505018662196
3780
5.191267874974779 4.519892771850496 1.792756701388012
6.008234706658891 4.124319900880724 1.3731290051123008
0.3880960521446718 -0.16108802918376708 0.9074321348956929
3810
5.4864216874568825 4.397502259799239 1.7632144789326079
6.311025066229618 3.9244161709034415 1.4530221323597319
0.2546169314300741 -0.17927294477280398 0.9502797908913934
3840
5.422171635050483 4.213996095494947 1.761286329969133
6.306114000696845 3.823307884769163 1.5043639657342087
0.22749798302925278 -0.12071198978272202 0.9662679904853073
3870
5.835816843750679 4.469826892296135 1.8529139963367274
6.4501099422003865 3.8290820869601365 1.3923808542468836
0.35393885256680413 -0.29788589063919346 0.886561669725161
3900
6.2984708052238885 4.536424634870974 1.8736563981258296
6.675384054716534 3.779245076593844 1.3401621044361018
0.25725825476571196 -0.4677354403018318 0.8456018446248237
3930
6.8557119593476905 4.787794843433975 1.8389204816359994
6.8214666806614055 3.9194401652799833 1.3441611306209085
-0.018347003297717324 -0.4944200958406781 0.8690291564079439
3960
7.2326704824499455 4.645726087887568 1.8815546796163134
6.914923992209848 3.900611284573359 1.295174138291698
-0.22108496465591543 -0.5431619288153315 0.8099978287961935
3990
7.303172900142369 4.820987127317913 1.749314456513829
6.887389316024479 3.975816092981823 1.4134429686579177
-0.1375870012177664 -0.3066019990194197 0.9418410212623343
4020
7.262180592595037 4.8719226956823825 1.743559698098557
6.879947539149221 4.013955020950174 1.400355020993607
-0.11898194834441167 -0.32261984649317066 0.9390205158546667
4050
6.918167687714931 5.063191649255439 1.842239108901551
6.704510576785442 4.239180085000679 1.317496028762391
-0.12913396132090005 -0.5086108596357986 0.8512577603228149
4080
6.867252675131793 5.233463121457502 1.8533722732705358
6.621396896676059 4.437280369801924 1.3005179737252477
-0.1517539220943811 -0.531710684874558 0.8332185445554048
4110
6.076097999978533 5.484175121973806 1.8145326371887136
6.18454695241498 4.6374602081287435 1.2936560507514883
0.10344298794775009 -0.5115109934990361 0.8530279187826704
4140
4.9675658011188855 5.32489099012341 1.8599037207921363
5.48142358300594 4.6486870835873075 1.3319851435979224
0.31459814811910236 -0.4239721996251349 0.8492793843519841
4170
4.217379119045651 4.679946847455605 1.8392683042755527
5.000992800838864 4.31859756280671 1.3339209331741733
0.46590021149538263 -0.19627707130220617 0.8627933661471374
4200
3.612947672434373 4.286563514098744 1.7995150898224477
4.513284057207628 4.2574618182333515 1.3652942095524434
0.43289600509996234 -0.04253500143129907 0.9004400356027317
4230
3.6593594348233145 3.7952877189200116 1.713276038646756
4.55134699700288 4.126916071323652 1.4060609440804108
0.29613494662135376 0.08481598726755113 0.9513727691035188
4260
4.00009140043624 3.6108394711729686 1.6436817475041239
4.840829816154319 4.1230239718672435 1.4681089349469034
0.16555106818615695 0.06556602610061102 0.9840193513549167
4290
4.417240365275004 3.3342262435749337 1.6849258670775722
4.977482779749491 4.106513731558637 1.3854250142543147
0.2045980308994797 0.22135103315983162 0.9534902004368462
4320
4.5095679365649595 3.6082323851735794 1.675909031956786
4.970561703349627 4.453659719482204 1.406212051241988
0.17694086785766672 0.21024383780491007 0.9615032538918058
4350
4.839344315806614 3.911258800143669 1.7198130655212567
5.142324202338444 4.8170309497065045 1.423535840503709
0.15772997720487325 0.25894095430024144 0.9529268250904561
4380
4.571912513358149 4.277847763993838 1.5853094405870178
5.075607762915644 5.141727861859897 1.5842478818635681
-0.010633989632713947 0.007428992238279308 0.9999149896859549
4410
4.827475676671316 4.425587408284652 1.6638181930242322
5.174193749562551 5.344174735288131 1.4741231327710889
0.04650001409906457 0.18515805270882257 0.9816082492623792
4440
4.935478599792592 4.763031719750038 1.7130905656279907
5.278840931182973 5.650207935398689 1.4048360256614074
0.10634003405115425 0.2893750999639033 0.9512913196109025
4470
5.2444408150202095 4.973629156002103 1.729509306887578
5.365824422407752 5.913585165390073 1.4105289408959856
0.07088900187873615 0.31232698362917566 0.9473259803594614
4500
5.006530605310846 5.286256096922477 1.7219507299751706
5.276301883215356 6.2007488828531105 1.4204111300796933
0.08574397702975192 0.28909191306431686 0.95345265206889
4530
4.839829271692024 5.578686396430383 1.7033135494045955
5.223433768409477 6.482872883628259 1.515446071868394
0.06426001205704845 0.17680303959848195 0.9821463049617236
4560
4.72381586987631 5.578052754819421 1.5285175656506533
5.179729860612317 6.46061199468377 1.6435470273324961
-0.09319499080579563 -0.08119399419771978 0.9923319496294205
4590
4.751307454152261 5.649819137542625 1.6919289826447181
5.204343851847803 6.525224568336387 1.523335963397663
0.06977294769525533 0.15371587887751864 0.9856481649786728
4620
4.827004534557749 5.7625795827104405 1.7793022282601592
5.199713212803293 6.61409714080828 1.4105112143040892
0.14888592943465329 0.33740284999382003 0.9295116093359361
4650
4.672330687809396 6.2441563708878505 1.7782500397227334
5.171957026291299 7.023971389064883 1.4010740529559182
0.20534010502874553 0.31638818760582943 0.9261395140295647
4680
4.23080985337163 6.9419435100887785 1.8423806365370696
5.069760725792895 7.274975790295459 1.4119739170908874
0.40600377903840684 0.14362291778800662 0.9025144703393728
4710
4.263481321846591 7.616783801486824 1.8929893102155342
5.118039074455844 7.46823728459153 1.3953298654065742
0.4778171960103301 -0.15063406116216704 0.8654483679243956
4740
4.378350871446058 7.9886535944770385 1.9220533175937453
5.108118492009565 7.531572127563815 1.4136099024287978
0.38881089420248194 -0.3342519103179211 0.858545792074743
4770
4.452720751904696 8.053921982449875 1.9310621781743074
5.176709523343295 7.609855398339616 1.403193907300284
0.4294709297660195 -0.30866194068281594 0.8486939056063676
4800
4.302657553582189 7.391882210580258 1.8722797657084196
5.154572972683904 7.296839631704239 1.3572970653605192
0.5063510305067552 -0.10138301638040192 0.856347122728292
4830
4.59171458162592 6.413009387665625 1.8761324335945893
5.252664884703618 6.928989988976355 1.3312388708008576
0.45053313478706514 0.3078470819879584 0.8380042739334215
4860
5.105346388739772 5.943833686948853 1.8466184644683588
5.340495057028956 6.7917809268246465 1.3715491502269495
0.11771301528766775 0.4603320802557933 0.8799081799923698
4890
5.649102806417567 5.6477014853781515 1.8192142259230815
5.4898922884150565 6.524391992313271 1.3652690064063273
-0.12213010293473792 0.4387883668202836 0.8902527779168115
4920
5.949389517563718 5.675234858089535 1.8197294077794455
5.493209064263242 6.459305945926754 1.39885898446249
-0.27478704309662305 0.3257220544905266 0.904653077014018
4950
6.10697247765046 5.7068566099297815 1.7546391379614106
5.503629944538888 6.469518186200839 1.5215599578399888
-0.20317502696038137 0.13562201679543318 0.9697040997819286
4980
6.025631518002711 5.519952765427561 1.7345345879377008
5.518025548096857 6.350605300389262 1.5057300592244744
-0.14949885178123234 0.17661781838843615 0.9728590140843494
5010
6.279311268082916 5.6834863664430815 1.8678552933807162
5.615656821481048 6.250959956817074 1.380477947818735
-0.39591306446863483 0.28633802733265545 0.8725041038645713
5040
6.274384723948154 5.303899498808771 1.852476685981558
5.685836600111637 5.951388569701105 1.3683599827096922
-0.37245706187128746 0.3143240278235522 0.8731991167659068
5070
6.567362204232777 5.316661406157304 1.8769998648190422
5.867339029946888 5.787187266943742 1.3398100235485955
-0.45564804753024035 0.2849230086287524 0.8433291206899725
5100
6.677298778267458 4.948811431949315 1.8171311791896696
5.946430200310305 5.481128116672215 1.3899650450706358
-0.36927813750045857 0.2179340771622229 0.9034043240919232
5130
6.8227656848596565 4.984971677954717 1.8314719685225958
6.062386966483497 5.457450067694707 1.385838944545316
-0.3918630196957933 0.2134350066079882 0.8949240910653842
5160
6.773095074833988 4.665050019802321 1.819604788088749
6.001017335595249 5.101930220903624 1.3580510058640938
-0.4251998459309282 0.1846669452166949 0.8860607012315329
5190
7.0230875168674345 4.827482356824577 1.797953953637023
6.19227428778342 5.2515067301175 1.4374640785588217
-0.3423059314557344 0.12140897590857591 0.9317117744187922
5220
7.038258229259862 4.7969944378863065 1.8031332162980207
6.215291057590855 5.2689390978346555 1.4869160322312482
-0.291496945670365 0.1269559886991174 0.9481098211923804
5250
7.02364734162139 4.846903558470243 1.8412162378663062
6.1462998126869115 5.04993304202699 1.4064290836686133
-0.4261797936199336 0.08671695969240056 0.90047252908994
5280
6.821017678863896 4.553520251061796 1.7609327448489602
5.906386669762028 4.706793654706358 1.3868239832999643
-0.3666701199560025 0.07530702359617703 0.9272983188402417
5310
6.415163568001349 3.975112579326491 1.7499647191214436
5.577102294903357 4.40950601504312 1.419880097215163
-0.3199819073862613 0.09867697779815066 0.9422707252706708
5340
6.142004703786695 3.9288232266223764 1.7008006023919169
5.301451241281354 4.389862918785844 1.416351025060374
-0.2756387826501062 0.08804393785647213 0.9572202065399855
5370
5.679424949211845 3.661843161063663 1.727087330807639
4.85392988495327 4.106404970365039 1.3793489456071386
-0.349686772086901 0.08076894760673836 0.9333783893041518
5400
5.231428765478926 3.7631539843263973 1.805692083602537
4.368147992316084 3.962915568727528 1.3421821067386759
-0.47101386291762626 0.011133001057105574 0.8820547088252515
5430
4.918542707870861 4.403610988176183 1.8002678866748079
4.078694964359661 4.088498337781743 1.3582731600169404
-0.42413779885626224 -0.12721994550901905 0.8966165513245681
5460
4.401822799081411 4.676438345878718 1.7690710831461836
3.6585458453842064 4.132328882187006 1.3798599649249006
-0.3310903788458148 -0.20635223070521747 0.9207600528097615
5490
3.848839955521632 4.613657433900524 1.7986302676120487
3.257470028592158 3.945172209653545 1.347620994082996
-0.28735912840716266 -0.3478791463543633 0.8924153882265529
5520
3.24396759026937 4.372893436805509 1.836465925657751
2.976577100691123 3.5276730498235445 1.37375202842951
-0.15059896793800193 -0.4376408690523921 0.8864478005167484
5550
2.8973800871970687 4.110875450285336 1.7992725892509114
2.8690530691745315 3.1928670035919153 1.4037239773715626
-0.0024230006263564197 -0.39564308446971724 0.9184012252639544
